alpha_coeff = [0.05882352941176471, 0.1176470588235294, 0.1764705882352941, 0.2352941176470588, 0.2941176470588235, 0.3529411764705883, 0.4117647058823529, 0.4705882352941176, 0.5294117647058824, 0.5882352941176471, 0.6470588235294118, 0.7058823529411765, 0.7647058823529411, 0.8235294117647058, 0.8823529411764706, 0.9411764705882353, 0.0];
beta_coeff = [0.05882352941176471, 0.1176470588235294, 0.1764705882352941, 0.2352941176470588, 0.2941176470588235, 0.3529411764705883, 0.4117647058823529, 0.4705882352941176, 0.5294117647058824, 0.5882352941176471, 0.6470588235294118, 0.7058823529411765, 0.7647058823529411, 0.8235294117647058, 0.8823529411764706, 0.9411764705882353, 0.0];
m_idx = [2, 3, 4, 5, 6, 7, 8, 9, 10, 11, 12, 13, 14, 15, 16, 17, 1];
n_idx = [2, 3, 4, 5, 6, 7, 8, 9, 10, 11, 12, 13, 14, 15, 16, 17, 1];
t_idx = [2, 3, 4, 5, 6, 7, 8, 9, 10, 11, 12, 13, 14, 15, 16, 17, 1];
