alpha_coeff = [0.09090909090909091, 0.1818181818181818, 0.2727272727272727, 0.3636363636363636, 0.4545454545454545, 0.5454545454545454, 0.6363636363636364, 0.7272727272727273, 0.8181818181818182, 0.9090909090909091, 0.0];
beta_coeff = [0.09090909090909091, 0.1818181818181818, 0.2727272727272727, 0.3636363636363636, 0.4545454545454545, 0.5454545454545454, 0.6363636363636364, 0.7272727272727273, 0.8181818181818182, 0.9090909090909091, 0.0];
m_idx = [2, 3, 4, 5, 6, 7, 8, 9, 10, 11, 1];
n_idx = [2, 3, 4, 5, 6, 7, 8, 9, 10, 11, 1];
t_idx = [2, 3, 4, 5, 6, 7, 8, 9, 10, 11, 1];
