alpha_coeff = [0.07692307692307693, 0.1538461538461539, 0.2307692307692308, 0.3076923076923077, 0.3846153846153846, 0.4615384615384616, 0.5384615384615384, 0.6153846153846154, 0.6923076923076923, 0.7692307692307693, 0.8461538461538461, 0.9230769230769231, 0.0];
beta_coeff = [0.07692307692307693, 0.1538461538461539, 0.2307692307692308, 0.3076923076923077, 0.3846153846153846, 0.4615384615384616, 0.5384615384615384, 0.6153846153846154, 0.6923076923076923, 0.7692307692307693, 0.8461538461538461, 0.9230769230769231, 0.0];
m_idx = [2, 3, 4, 5, 6, 7, 8, 9, 10, 11, 12, 13, 1];
n_idx = [2, 3, 4, 5, 6, 7, 8, 9, 10, 11, 12, 13, 1];
t_idx = [2, 3, 4, 5, 6, 7, 8, 9, 10, 11, 12, 13, 1];
