alpha_coeff = [0.1428571428571428, 0.2857142857142857, 0.4285714285714285, 0.5714285714285714, 0.7142857142857143, 0.8571428571428571, 0.0];
beta_coeff = [0.1428571428571428, 0.2857142857142857, 0.4285714285714285, 0.5714285714285714, 0.7142857142857143, 0.8571428571428571, 0.0];
m_idx = [2, 3, 4, 5, 6, 7, 1];
n_idx = [2, 3, 4, 5, 6, 7, 1];
t_idx = [2, 3, 4, 5, 6, 7, 1];
