alpha_coeff = [0.03333333333333333, 0.06666666666666667, 0.1, 0.1333333333333333, 0.1666666666666667, 0.2, 0.2333333333333333, 0.2666666666666667, 0.3, 0.3333333333333333, 0.3666666666666666, 0.4, 0.4333333333333333, 0.4666666666666667, 0.5, 0.5333333333333333, 0.5666666666666667, 0.6, 0.6333333333333333, 0.6666666666666666, 0.7, 0.7333333333333333, 0.7666666666666667, 0.8, 0.8333333333333334, 0.8666666666666667, 0.9, 0.9333333333333333, 0.9666666666666667, 0.0];
beta_coeff = [0.03333333333333333, 0.06666666666666667, 0.1, 0.1333333333333333, 0.1666666666666667, 0.2, 0.2333333333333333, 0.2666666666666667, 0.3, 0.3333333333333333, 0.3666666666666666, 0.4, 0.4333333333333333, 0.4666666666666667, 0.5, 0.5333333333333333, 0.5666666666666667, 0.6, 0.6333333333333333, 0.6666666666666666, 0.7, 0.7333333333333333, 0.7666666666666667, 0.8, 0.8333333333333334, 0.8666666666666667, 0.9, 0.9333333333333333, 0.9666666666666667, 0.0];
m_idx = [2, 3, 4, 5, 6, 7, 8, 9, 10, 11, 12, 13, 14, 15, 16, 17, 18, 19, 20, 21, 22, 23, 24, 25, 26, 27, 28, 29, 30, 1];
n_idx = [2, 3, 4, 5, 6, 7, 8, 9, 10, 11, 12, 13, 14, 15, 16, 17, 18, 19, 20, 21, 22, 23, 24, 25, 26, 27, 28, 29, 30, 1];
t_idx = [2, 3, 4, 5, 6, 7, 8, 9, 10, 11, 12, 13, 14, 15, 16, 17, 18, 19, 20, 21, 22, 23, 24, 25, 26, 27, 28, 29, 30, 1];
