alpha_coeff = [0.3333333333333333, 0.6666666666666666, 0.0];
beta_coeff = [0.3333333333333333, 0.6666666666666666, 0.0];
m_idx = [2, 3, 1];
n_idx = [2, 3, 1];
t_idx = [2, 3, 1];
