alpha_coeff = [0.08333333333333333, 0.1666666666666667, 0.25, 0.3333333333333333, 0.4166666666666667, 0.5, 0.5833333333333334, 0.6666666666666666, 0.75, 0.8333333333333334, 0.9166666666666666, 0.0, 0.08333333333333333];
beta_coeff = [0.08333333333333333, 0.1666666666666667, 0.25, 0.3333333333333333, 0.4166666666666667, 0.5, 0.5833333333333334, 0.6666666666666666, 0.75, 0.8333333333333334, 0.9166666666666666, 0.0, 0.08333333333333333];
m_idx = [2, 3, 4, 5, 6, 7, 8, 9, 10, 11, 12, 1, 2];
n_idx = [2, 3, 4, 5, 6, 7, 8, 9, 10, 11, 12, 1, 2];
t_idx = [2, 3, 4, 5, 6, 7, 8, 9, 10, 11, 12, 1, 2];
